1 0.75 0
2 0.2625 1
3 0.208125000000 2
4 0.241289062500 3
5 0.358098046875 4
6 0.639828134766 5
7 0.232973372705 7
8 0.314482146928 8
9 0.833541603263 9
10 0.244789407028 11
21 0.789333316003 12
12 0.277387769635 14
13 0.105564665831 16
14 0.432681068354 17
15 0.190081719760 19
16 0.891210275364 20
17 0.444255088999 22
18 0.234646430681 24
19 0.130915026105 26
20 0.769399985382 27
21 0.475124077343 29
22 0.307579295223 31
23 0.208301009434 33
24 0.147290492138 35
25 0.208552296005 37
26 0.832483627531 38
27 0.663329371112 40
28 0.548392431330 42
29 0.469782420784 44
30 0.416502699806 46
31 0.381734895502 48
32 0.361299554016 50
33 0.352778001982 52
34 0.355023393768 54
35 0.367917476478 56
36 0.392301600257 58
37 0.430055097492 60
38 0.484327278330 62
39 0.559961162001 64
40 0.664186377517 66
42 0.807715625319 68
42 0.100646863922 71
43 0.128429408835 73
44 0.167730490075 75
45 0.224085871222 77
46 0.306093131234 79
47 0.427287814796 81
48 0.609277658120 83
49 0.887045954492 85
50 0.131804184041 88
51 0.199796510697 90
52 0.308853507485 92
53 0.486698406263 94
54 0.781543229859 96
55 0.127844051221 99
56 0.212959346691 101
57 0.361127834038 103
58 0.623214611884 105
59 0.109419743747 108
60 0.195392812615 110
61 0.354775753462 112
62 0.654807077714 114
63 0.122820914441 117
64 0.234056056576 119
65 0.453052532884 121
66 0.890541554378 123
67 0.177719768349 126
68 0.359993943833 128
69 0.740009711275 130
70 0.154336989562 133
71 0.326515091790 135
72 0.700567351807 137
73 0.152414090414 140
74 0.336160314738 142
75 0.751507982642 144